 18303   -208    -89   -286  +1270   -349 +16330
 18304   -206    -86   -286  +1157   -370 +16377
 18305   -211    -80   -287  +1195   -339 +16453
 18306   -212    -83   -296  +1226   -347 +16487
 18307   -209    -73   -297  +1275   -377 +16468
 18308   -207    -77   -288  +1280   -378 +16502
 18309   -212    -78   -292  +1264   -363 +16455
 18310   -220    -75   -284  +1244   -387 +16484
 18311   -218    -75   -299  +1288   -359 +16566
 18312   -220    -71   -301  +1218   -389 +16513
 18313   -221    -83   -287  +1151   -394 +16521
 18314   -227    -78   -296  +1184   -397 +16503
 18315   -214    -80   -297  +1234   -398 +16442
 18316   -218    -73   -302  +1243   -455 +16437
 18317   -222    -85   -303  +1278   -381 +16527
 18318   -215    -82   -291  +1261   -376 +16498
 18319   -215    -75   -311  +1223   -378 +16565
 18320   -215    -82   -307  +1266   -371 +16539
 18321   -212    -79   -300  +1291   -407 +16522
 18322   -217    -80   -292  +1394   -427 +16475
 18323   -215    -79   -285  +1315   -407 +16424
 18324   -214    -82   -314  +1294   -381 +16376
 18325   -218    -73   -311  +1325   -218 +16450
 18326   -221    -73   -291  +1331   -275 +16485
 18327   -226    -84   -295  +1318   -287 +16433
 18328   -227    -77   -292  +1321   -335 +16453
 18329   -225    -76   -291  +1291   -319 +16433
 18330   -215    -80   -294  +1236   -341 +16483
 18331   -221    -81   -301  +1236   -388 +16496
 18332   -213    -74   -314  +1174   -350 +16460
 18333   -217    -72   -292  +1225   -331 +16516
 18334   -220    -73   -295  +1245   -325 +16562
 18335   -213    -68   -300  +1239   -358 +16479
 18336   -209    -63   -302  +1256   -359 +16526
 18337   -211    -80   -310  +1298   -407 +16469
 18338   -207    -85   -312  +1259   -391 +16463
 18339   -217    -85   -313  +1238   -377 +16504
 18340   -206    -72   -304  +1267   -384 +16426
 18341   -201    -74   -310  +1270   -344 +16361
 18342   -206    -77   -289  +1281   -378 +16357
 18343   -210    -78   -297  +1273   -411 +16473
 18344   -216    -74   -303  +1307   -405 +16485
 18345   -219    -87   -297  +1300   -360 +16617
 18346   -216    -88   -281  +1304   -324 +16573
 18347   -216    -84   -292  +1266   -354 +16509
 18348   -211    -80   -292  +1355   -347 +16485
 18349   -213    -80   -295  +1422   -319 +16487
 18350   -210    -76   -302  +1357   -341 +16430
 18351   -214    -73   -308  +1311   -340 +16503
 18352   -211    -72   -307  +1282   -344 +16502
 18353   -211    -79   -306  +1305   -358 +16447
 18354   -208    -81   -295  +1255   -319 +16296
 18355   -212    -84   -308  +1256   -353 +16328
 18356   -221    -77   -301  +1360   -402 +16462
 18357   -220    -83   -304  +1292   -447 +16453
 18358   -216    -79   -306  +1272   -371 +16561
 18359   -213    -88   -312  +1254   -381 +16439
 18360   -213    -78   -304  +1285   -384 +16384
 18361   -212    -78   -305  +1283   -418 +16444
 18362   -217    -76   -287  +1272   -427 +16486
 18363   -209    -78   -282  +1290   -407 +16487
 18364   -210    -82   -292  +1263   -351 +16526
 18365   -216    -85   -302  +1272   -385 +16569
 18366   -215    -79   -298  +1160   -388 +16565
 18367   -213    -84   -297  +1284   -406 +16533
 18368   -220    -82   -298  +1288   -367 +16491
 18369   -218    -78   -294  +1324   -395 +16496
 18370   -214    -93   -301  +1298   -403 +16396
 18371   -216    -88   -295  +1321   -395 +16426
 18372   -212    -86   -285  +1347   -379 +16435
 18373   -215    -79   -280  +1340   -333 +16372
 18374   -212    -73   -290  +1418   -334 +16308
 18375   -210    -82   -279  +1335   -353 +16414
 18376   -214    -82   -281  +1196   -342 +16425
 18377   -212    -80   -285  +1254   -337 +16485
 18378   -213    -96   -298  +1255   -364 +16491
 18379   -217    -92   -294  +1298   -348 +16470
 18380   -217    -85   -292  +1267   -354 +16445
 18381   -222    -79   -290  +1252   -359 +16291
 18382   -211    -69   -271  +1314   -335 +16348
 18383   -207    -78   -276  +1319   -329 +16386
 18384   -216    -86   -307  +1316   -370 +16493
 18385   -215    -74   -298  +1342   -387 +16487
 18386   -211    -73   -297  +1295   -379 +16466
 18387   -211    -83   -310  +1258   -367 +16511
 18388   -204    -83   -313  +1285   -357 +16452
 18389   -205    -83   -308  +1319   -386 +16436
 18390   -209    -77   -320  +1300   -381 +16404
 18391   -208    -80   -313  +1174   -378 +16478
 18392   -200    -90   -296  +1325   -373 +16449
 18393   -206    -79   -285  +1249   -362 +16515
 18394   -209    -78   -303  +1233   -355 +16482
 18395   -209    -78   -306  +1273   -343 +16425
 18396   -204    -81   -304  +1235   -341 +16523
 18397   -212    -78   -300  +1236   -332 +16488
 18398   -212    -76   -301  +1280   -384 +16508
 18399   -203    -89   -307  +1302   -388 +16530
 18400   -206    -79   -280  +1399   -414 +16461
 18401   -211    -76   -290  +1332   -429 +16531
 18402   -210    -76   -287  +1290   -372 +16534
 18403   -207    -72   -286  +1327   -360 +16499
 18404   -200    -70   -296  +1294   -360 +16482
 18405   -208    -73   -284  +1237   -358 +16491
 18406   -209    -73   -300  +1259   -395 +16532
 18407   -204    -78   -285  +1272   -397 +16442
 18408   -205    -73   -303  +1166   -422 +16513
 18409   -205    -71   -275  +1101   -389 +16491
 18410   -217    -77   -280  +1169   -406 +16508
 18411   -214    -73   -263  +1141   -409 +16474
 18412   -214    -68   -280  +1183   -352 +16499
 18413   -210    -84   -281  +1258   -364 +16468
 18414   -213    -93   -286  +1281   -396 +16446
 18415   -218    -88   -301  +1321   -392 +16479
 18416   -212    -85   -304  +1343   -410 +16482
 18417   -211    -79   -304  +1196   -399 +16415
 18418   -210    -94   -302  +1214   -417 +16418
 18419   -206    -86   -318  +1221   -374 +16511
 18420   -214    -79   -292  +1211   -369 +16474
 18421   -211    -79   -302  +1252   -340 +16411
 18422   -216    -84   -302  +1222   -324 +16338
 18423   -209    -74   -284  +1257   -328 +16447
 18424   -217    -76   -291  +1255   -342 +16532
 18425   -209    -81   -293  +1292   -357 +16498
 18426   -214    -85   -280  +1266   -378 +16433
 18427   -213    -82   -288  +1369   -355 +16425
 18428   -208    -80   -298  +1423   -357 +16455
 18429   -210    -91   -284  +1348   -380 +16460
 18430   -211    -83   -291  +1310   -398 +16422
 18431   -212    -80   -289  +1253   -411 +16423
 18432   -211    -76   -305  +1265   -379 +16434
 18433   -210    -82   -304  +1245   -405 +16481
 18434   -216    -77   -299  +1215   -408 +16455
 18435   -215    -86   -294  +1270   -402 +16492
 18436   -206    -87   -291  +1255   -411 +16548
 18437   -214    -73   -282  +1276   -407 +16476
 18438   -219    -81   -279  +1274   -437 +16460
 18439   -215    -81   -297  +1249   -344 +16492
 18440   -230    -80   -297  +1271   -374 +16474
 18441   -220    -83   -285  +1292   -391 +16535
 18442   -214    -88   -287  +1308   -365 +16394
 18443   -223    -85   -288  +1274   -388 +16353
 18444   -220    -85   -309  +1157   -412 +16363
 18445   -215    -88   -308  +1093   -358 +16344
 18446   -210    -78   -309  +1137   -337 +16356
 18447   -221    -82   -287  +1175   -354 +16432
 18448   -226    -65   -290  +1208   -341 +16462
 18449   -222    -66   -296  +1292   -372 +16401
 18450   -216    -63   -308  +1276   -368 +16451
 18451   -216    -68   -303  +1272   -380 +16530
 18452   -217    -75   -300  +1286   -382 +16471
 18453   -211    -74   -298  +1271   -363 +16432
 18454   -208    -78   -291  +1150   -331 +16358
 18455   -217    -74   -289  +1279   -341 +16401
 18456   -211    -77   -286  +1280   -340 +16413
 18457   -204    -77   -145  +1276   -368 +16435
 18458   -207    -72   -221  +1228   -366 +16464
 18459   -206    -75   -260  +1272   -397 +16334
 18460   -208    -77   -272  +1272   -380 +16467
 18461   -215    -84   -277  +1152   -368 +16460
 18462   -218    -77   -274  +1320   -404 +16378
 18463   -219    -73   -297  +1306   -374 +16407
 18464   -216    -79   -299  +1287   -371 +16412
 18465   -228    -81   -298  +1296   -347 +16500
 18466   -226    -88   -296  +1310   -357 +16494
 18467   -226    -87   -296  +1247   -352 +16453
 18468   -211    -76   -285  +1272   -384 +16511
 18469   -217    -78   -284  +1302   -358 +16488
 18470   -212    -77   -296  +1289   -339 +16486
 18471   -210    -80   -286  +1347   -379 +16521
 18472   -209    -73   -290  +1306   -375 +16455
 18473   -215    -74   -292  +1337   -359 +16440
 18474   -212    -84   -283  +1249   -397 +16452
 18475   -212    -92   -286  +1287   -412 +16540
 18476   -210    -86   -397  +1264   -428 +16586
 18477   -210    -85   -358  +1280   -408 +16575
 18478   -217    -78   -332  +1154   -380 +16562
 18479   -218    -91   -330  +1213   -382 +16569
 18480   -223    -89   -306  +1147   -403 +16527
 18481   -220    -88   -312  +1236   -403 +16480
 18482   -219    -86   -306  +1236   -407 +16488
 18483   -205    -88   -322  +1238   -387 +16358
 18484   -204    -80   -305  +1289   -425 +16253
 18485   -210    -85   -294  +1343   -384 +16437
 18486   -215    -88   -284  +1310   -362 +16479
 18487   -216    -80   -307  +1399   -331 +16498
 18488   -214    -84   -298  +1454   -371 +16437
 18489   -221    -72   -278  +1363   -319 +16341
 18490   -218    -75   -297  +1310   -361 +16353
 18491   -218    -74   -302  +1283   -342 +16409
 18492   -216    -76   -297  +1302   -337 +16407
 18493   -208    -73   -303  +1269   -406 +16522
 18494   -211    -75   -289  +1269   -405 +16455
 18495   -213    -82   -282  +1157   -372 +16490
 18496   -209    -85   -272  +1275   -388 +16449
 18497   -213    -80   -285  +1384   -422 +16417
 18498   -212    -69   -304  +1300   -395 +16453
 18499   -214    -78   -302  +1254   -365 +16425
 18500   -214    -73   -296  +1247   -324 +16461
 18501   -207    -64   -295  +1236   -346 +16465
 18502   -212    -68   -301  +1282   -339 +16477
 18503   -217    -86   -309  +1245   -355 +16557
 18504   -227    -86   -300  +1383   -339 +16559
 18505   -227    -83   -310  +1328   -331 +16498
 18506   -216    -86   -303  +1282   -303 +16527
 18507   -213    -81   -303  +1293   -295 +16544
 18508   -213    -81   -291  +1333   -309 +16434
 18509   -216    -84   -286  +1331   -336 +16463
 18510   -207    -87   -281  +1268   -342 +16448
 18511   -207    -84   -290  +1258   -363 +16434
 18512   -201    -80   -290  +1249   -369 +16531
 18513   -206    -81   -282  +1361   -342 +16532
 18514   -208    -73   -298  +1203   -365 +16558
 18515   -211    -83   -286  +1222   -358 +16503
 18516   -213    -83   -294  +1271   -357 +16508
 18517   -221    -75   -293  +1276   -374 +16490
 18518   -213    -74   -290  +1246   -423 +16497
 18519   -211    -70   -287  +1289   -365 +16377
 18520   -215    -77   -278  +1303   -360 +16403
 18521   -214    -82   -283  +1276   -352 +16434
 18522   -215    -73   -284  +1240   -322 +16485
 18523   -216    -74   -273  +1222   -361 +16479
 18524   -210    -74   -269  +1271   -376 +16470
 18525   -210    -77   -294  +1234   -354 +16421
 18526   -216    -70   -311  +1321   -347 +16377
 18527   -217    -78   -296  +1295   -359 +16421
 18528   -212    -80   -287  +1246   -287 +16435
 18529   -202    -85   -279  +1295   -315 +16424
 18530   -201    -84   -284  +1244   -365 +16486
 18531   -208    -85   -281  +1252   -374 +16451
 18532   -206    -82   -287  +1320   -393 +16428
 18533   -212    -77   -286  +1326   -336 +16386
 18534   -218    -68   -291  +1277   -396 +16359
 18535   -214    -76   -289  +1263   -352 +16368
 18536   -217    -77   -296  +1232   -336 +16478
 18537   -214    -76   -280  +1264   -374 +16489
 18538   -222    -72   -281  +1276   -351 +16501
 18539   -218    -76   -297  +1252   -355 +16421
 18540   -217    -70   -304  +1220   -359 +16397
 18541   -219    -80   -296  +1244   -327 +16417
 18542   -211    -80   -301  +1250   -371 +16497
 18543   -213    -79   -290  +1235   -353 +16489
 18544   -209    -75   -307  +1246   -202 +16445
 18545   -212    -85   -300  +1279   -275 +16433
 18546   -208    -84   -292  +1234   -339 +16425
 18547   -210    -87   -301  +1213   -381 +16479
 18548   -213    -87   -301  +1209   -412 +16476
 18549   -205    -83   -399  +1191   -382 +16396
 18550   -204    -74   -346  +1236   -379 +16358
 18551   -209    -71   -328  +1238   -393 +16417
 18552   -209    -73   -310  +1217   -374 +16477
 18553   -212    -73   -322  +1241   -205 +16443
 18554   -213    -75   -297  +1277   -274 +16524
 18555   -218    -86   -299  +1303   -335 +16578
 18556   -216    -74   -300  +1186   -365 +16431
 18557   -221    -70   -298  +1115   -396 +16428
 18558   -210    -77   -293  +1322   -364 +16458
 18559   -210    -77   -299  +1279   -366 +16451
 18560   -205    -82   -294  +1258   -377 +16438
 18561   -212    -78   -301  +1309   -390 +16439
 18562   -210    -76   -298  +1251   -379 +16410
 18563   -212    -88   -319  +1260   -387 +16459
 18564   -216    -78   -306  +1244   -351 +16520
 18565   -209    -76   -292  +1214   -353 +16564
 18566   -207    -78   -281  +1127   -340 +16536
 18567   -212    -84   -289  +1252   -380 +16434
 18568   -215    -78   -289  +1274   -402 +16427
 18569   -219    -75   -293  +1221   -371 +16438
 18570   -219    -87   -294  +1225   -381 +16421
 18571   -222    -81   -292  +1241   -384 +16469
 18572   -214    -76   -289  +1257   -372 +16445
 18573   -209    -78   -278  +1267   -386 +16295
 18574   -214    -77   -290  +1158   -369 +16342
 18575   -210    -75   -147  +1341   -350 +16399
 18576   -216    -72   -238  +1315   -363 +16404
 18577   -215    -81   -271  +1280   -351 +16424
 18578   -214    -75   -277  +1314   -353 +16474
 18579   -212    -75   -287  +1277   -326 +16443
 18580   -221    -85   -282  +1285   -363 +16440
 18581   -222    -88   -289  +1269   -359 +16388
 18582   -215    -79   -300  +1259   -383 +16508
 18583   -213    -75   -308  +1142   -353 +16464
 18584   -214    -81   -298  +1181   -370 +16450
 18585   -204    -84   -293  +1231   -355 +16403
 18586   -213    -91   -293  +1236   -361 +16376
 18587   -212    -74   -287  +1276   -342 +16410
 18588   -213    -78   -296  +1286   -379 +16431
 18589   -212    -71   -302  +1255   -391 +16448
 18590   -212    -73   -310  +1308   -399 +16512
 18591   -217    -78   -283  +1320   -417 +16490
 18592   -216    -74   -297  +1216   -360 +16429
 18593   -217    -70   -300  +1292   -334 +16499
 18594   -222    -77   -319  +1248   -327 +16452
 18595   -213    -79   -321  +1298   -367 +16458
 18596   -199    -85   -317  +1327   -355 +16517
 18597   -208    -91   -300  +1306   -363 +16495
 18598   -204    -90   -309  +1265   -341 +16604
 18599   -200    -88   -313  +1315   -374 +16530
 18600   -203    -78   -295  +1196   -327 +16521
 18601   -208    -85   -296  +1188   -353 +16457
 18602   -221    -74   -305  +1252   -334 +16473
 18603   -216    -78   -302  +1206   -355 +16411
 18604   -208    -79   -307  +1207   -359 +16418
 18605   -214    -73   -286  +1200   -405 +16437
 18606   -217    -76   -283  +1256   -410 +16375
 18607   -215    -74   -285  +1224   -375 +16474
 18608   -217    -81   -281  +1226   -403 +16509
 18609   -222    -81   -286  +1313   -387 +16471
 18610   -208    -74   -289  +1415   -365 +16506
 18611   -213    -77   -288  +1316   -388 +16483
 18612   -216    -80   -301  +1306   -346 +16510
 18613   -221    -86   -304  +1313   -337 +16433
 18614   -215    -86   -283  +1307   -306 +16381
 18615   -211    -89   -284  +1316   -353 +16503
 18616   -209    -80   -287  +1278   -328 +16564
 18617   -207    -83   -304  +1185   -340 +16506
 18618   -210    -89   -308  +1343   -312 +16487
 18619   -213    -91   -315  +1184   -364 +16434
 18620   -201    -77   -317  +1206   -378 +16471
 18621   -206    -75   -314  +1277   -381 +16492
 18622   -206    -73   -316  +1281   -362 +16464
 18623   -199    -68   -313  +1285   -341 +16498
 18624   -204    -75   -300  +1287   -402 +16475
 18625   -201    -80   -290  +1262   -427 +16472
 18626   -204    -77   -303  +1325   -413 +16394
 18627   -210    -71   -290  +1313   -394 +16499
 18628   -210    -78   -287  +1303   -385 +16536
 18629   -211    -80   -310  +1288   -378 +16480
 18630   -210    -74   -298  +1228   -363 +16506
 18631   -203    -70   -289  +1228   -323 +16483
 18632   -211    -78   -287  +1210   -355 +16488
 18633   -207    -80   -294  +1205   -305 +16436
 18634   -205    -87   -288  +1215   -296 +16324
 18635   -209    -85   -283  +1222   -350 +16388
 18636   -203    -80   -287  +1317   -377 +16444
 18637   -211    -73   -296  +1407   -400 +16446
 18638   -214    -75   -305  +1350   -342 +16399
 18639   -216    -70   -297  +1255   -343 +16396
 18640   -217    -76   -293  +1224   -369 +16508
 18641   -206    -77   -301  +1276   -374 +16324
 18642   -206    -80   -302  +1324   -401 +16480
 18643   -211    -79   -300  +1310   -370 +16446
 18644   -202    -72   -303  +1291   -357 +16465
 18645   -212    -75   -314  +1188   -374 +16485
 18646   -222    -70   -295  +1210   -381 +16515
 18647   -211    -70   -297  +1241   -334 +16536
 18648   -208    -71   -293  +1281   -367 +16486
 18649   -212    -83   -287  +1201   -379 +16415
 18650   -205    -87   -297  +1243   -369 +16510
 18651   -212    -85   -299  +1212   -376 +16493
 18652   -210    -94   -287  +1258   -382 +16555
 18653   -219    -98   -290  +1391   -393 +16514
 18654   -219    -96   -283  +1362   -354 +16449
 18655   -217    -94   -290  +1305   -395 +16433
 18656   -213    -81   -284  +1279   -365 +16397
 18657   -206    -76   -281  +1288   -350 +16445
 18658   -205    -70   -294  +1270   -349 +16419
 18659   -204    -72   -308  +1275   -390 +16278
 18660   -204    -77   -302  +1292   -367 +16379
 18661   -203    -83   -303  +1412   -375 +16398
 18662   -208    -81   -317  +1432   -343 +16447
 18663   -218    -85   -309  +1370   -323 +16486
 18664   -211    -81   -302  +1291   -347 +16401
 18665   -217    -79   -309  +1284   -365 +16421
 18666   -214    -79   -298  +1300   -396 +16337
 18667   -221    -79   -303  +1316   -344 +16299
 18668   -212    -74   -295  +1260   -320 +16214
 18669   -218    -69   -308  +1256   -344 +16385
 18670   -224    -68   -281  +1260   -340 +16449
 18671   -219    -85   -292  +1390   -358 +16409
 18672   -220    -79   -320  +1371   -405 +16491
 18673   -213    -92   -304  +1336   -374 +16458
 18674   -221    -79   -305  +1342   -373 +16513
 18675   -211    -75   -311  +1273   -378 +16497
 18676   -213    -82   -303  +1269   -371 +16457
 18677   -208    -84   -293  +1187   -399 +16521
 18678   -205    -68   -305  +1224   -411 +16487
 18679   -202    -75   -309  +1238   -383 +16528
 18680   -206    -64   -298  +1237   -401 +16448
 18681   -209    -71   -303  +1225   -384 +16446
 18682   -214    -72   -316  +1211   -360 +16415
 18683   -217    -82   -292  +1242   -378 +16432
 18684   -221    -83   -277  +1303   -357 +16496
 18685   -214    -82   -278  +1300   -346 +16354
 18686   -215    -81   -292  +1312   -329 +16385
 18687   -206    -75   -292  +1344   -390 +16455
 18688   -204    -86   -302  +1314   -393 +16410
 18689   -210    -85   -293  +1253   -358 +16445
 18690   -212    -91   -307  +1259   -389 +16519
 18691   -218    -92   -283  +1280   -404 +16510
 18692   -208    -81   -273  +1280   -376 +16503
 18693   -207    -79   -292  +1254   -416 +16522
 18694   -214    -82   -289  +1223   -370 +16557
 18695   -208    -77   -291  +1244   -357 +16489
 18696   -206    -82   -305  +1264   -330 +16527
 18697   -213    -82   -304  +1244   -357 +16536
 18698   -216    -76   -300  +1296   -360 +16502
 18699   -225    -86   -301  +1310   -342 +16491
 18700   -229    -77   -303  +1309   -401 +16490
 18701   -219    -75   -300  +1297   -386 +16429
 18702   -219    -80   -299  +1289   -327 +16425
 18703   -222    -81   -292  +1249   -371 +16433
 18704   -217    -86   -299  +1287   -385 +16495
 18705   -223    -87   -304  +1250   -374 +16552
 18706   -218    -79   -294  +1159   -389 +16514
 18707   -208    -71   -306  +1206   -388 +16467
 18708   -214    -70   -304  +1263   -348 +16448
 18709   -213    -63   -316  +1234   -306 +16426
 18710   -211    -69   -309  +1317   -349 +16447
 18711   -212    -71   -297  +1249   -364 +16498
 18712   -205    -75   -303  +1253   -344 +16491
 18713   -210    -73   -293  +1225   -306 +16358
 18714   -204    -78   -290  +1255   -337 +16469
 18715   -211    -87   -294  +1244   -352 +16433
 18716   -212    -85   -280  +1218   -384 +16419
 18717   -209    -85   -289  +1283   -362 +16422
 18718   -211    -86   -295  +1268   -347 +16485
 18719   -208    -76   -297  +1308   -363 +16505
 18720   -214    -74   -294  +1218   -357 +16501
 18721   -208    -74   -294  +1265   -402 +16491
 18722   -211    -80   -302  +1267   -387 +16318
 18723   -210    -73   -313  +1386   -379 +16349
 18724   -215    -65   -306  +1221   -405 +16385
 18725   -216    -81   -299  +1237   -388 +16357
 18726   -216    -80   -301  +1243   -400 +16477
 18727   -215    -89   -305  +1228   -370 +16491
 18728   -217    -84   -319  +1282   -377 +16470
 18729   -219    -84   -305  +1215   -334 +16435
 18730   -221    -78   -298  +1246   -347 +16508
 18731   -219    -84   -298  +1245   -329 +16504
 18732   -217    -81   -291  +1347   -348 +16420
 18733   -215    -80   -296  +1358   -346 +16424
 18734   -215    -81   -296  +1285   -357 +16420
 18735   -202    -85   -292  +1233   -336 +16440
 18736   -207    -88   -279  +1197   -340 +16476
 18737   -204    -74   -294  +1257   -336 +16454
 18738   -201    -75   -288  +1249   -350 +16339
 18739   -206    -79   -307  +1257   -345 +16434
 18740   -201    -78   -294  +1259   -348 +16413
 18741   -201    -79   -306  +1246   -368 +16413
 18742   -212    -88   -298  +1259   -336 +16463
 18743   -214    -86   -297  +1286   -340 +16406
 18744   -206    -79   -299  +1227   -322 +16509
 18745   -216    -73   -287  +1284   -335 +16505
 18746   -212    -77   -292  +1292   -331 +16487
 18747   -204    -67   -311  +1276   -367 +16544
 18748   -211    -73   -306  +1174   -369 +16338
 18749   -207    -76   -298  +1197   -362 +16397
 18750   -206    -79   -293  +1361   -355 +16455
 18751   -210    -82   -286  +1313   -343 +16476
 18752   -215    -85   -286  +1297   -381 +16466
 18753   -218    -79   -297  +1305   -396 +16493
 18754   -227    -86   -295  +1311   -390 +16459
 18755   -221    -86   -402  +1282   -357 +16454
 18756   -215    -85   -353  +1253   -404 +16483
 18757   -216    -82   -322  +1245   -402 +16462
 18758   -206    -75   -310  +1291   -419 +16459
 18759   -214    -75   -311  +1252   -411 +16442
 18760   -210    -79   -295  +1238   -393 +16525
 18761   -214    -71   -303  +1279   -400 +16529
 18762   -208    -84   -300  +1282   -382 +16501
 18763   -213    -85   -308  +1291   -317 +16543
 18764   -212    -83   -293  +1272   -356 +16582
 18765   -213    -82   -294  +1226   -312 +16401
 18766   -213    -84   -272  +1241   -348 +16303
 18767   -210    -78   -270  +1275   -390 +16372
 18768   -214    -93   -285  +1394   -385 +16400
 18769   -205    -80   -279  +1335   -412 +16416
 18770   -209    -75   -278  +1340   -416 +16432
 18771   -212    -76   -293  +1292   -380 +16430
 18772   -207    -86   -280  +1260   -338 +16453
 18773   -216    -91   -302  +1272   -379 +16535
 18774   -212    -91   -280  +1338   -353 +16492
 18775   -213    -86   -280  +1343   -334 +16494
 18776   -211    -78   -266  +1420   -331 +16469
 18777   -214    -72   -298  +1370   -349 +16473
 18778   -220    -81   -403  +1261   -338 +16477
 18779   -210    -80   -351  +1275   -357 +16369
 18780   -217    -85   -310  +1252   -378 +16359
 18781   -211    -82   -308  +1298   -391 +16280
 18782   -210    -82   -302  +1253   -435 +16382
 18783   -217    -88   -301  +1251   -403 +16419
 18784   -222    -86   -299  +1202   -389 +16330
 18785   -221    -87   -304  +1329   -410 +16395
 18786   -219    -83   -310  +1335   -389 +16408
 18787   -217    -87   -294  +1308   -374 +16474
 18788   -212    -82   -304  +1284   -379 +16407
 18789   -222    -69   -290  +1272   -383 +16368
 18790   -220    -68   -301  +1270   -353 +16496
 18791   -220    -67   -292  +1269   -340 +16494
 18792   -219    -77   -295  +1349   -390 +16493
 18793   -221    -73   -284  +1357   -365 +16401
 18794   -212    -71   -272  +1325   -366 +16433
 18795   -212    -64   -297  +1281   -357 +16481
 18796   -212    -73   -296  +1261   -402 +16383
 18797   -208    -83   -299  +1263   -391 +16432
 18798   -212    -77   -290  +1286   -411 +16462
 18799   -217    -79   -287  +1277   -389 +16455
 18800   -213    -84   -293  +1305   -440 +16544
 18801   -215    -94   -303  +1167   -376 +16430
 18802   -212    -86   -290  +1348   -366 +16407
 18803   -210    -88   -301  +1322   -367 +16404
 18804   -218    -88   -289  +1351   -377 +16530
 18805   -217    -84   -288  +1328   -386 +16573
 18806   -214    -88   -293  +1286   -335 +16595
 18807   -217    -73   -291  +1325   -369 +16396
 18808   -221    -78   -288  +1331   -378 +16274
 18809   -216    -76   -299  +1214   -319 +16385
 18810   -213    -76   -288  +1249   -313 +16385
 18811   -207    -84   -279  +1235   -356 +16373
 18812   -208    -80   -293  +1252   -378 +16361
 18813   -211    -78   -307  +1268   -389 +16491
 18814   -212    -79   -300  +1316   -354 +16494
 18815   -211    -95   -288  +1292   -383 +16481
 18816   -216    -91   -310  +1258   -389 +16469
 18817   -213    -82   -296  +1301   -412 +16543
 18818   -216    -89   -290  +1329   -398 +16520
 18819   -217    -79   -301  +1207   -357 +16432
 18820   -213    -75   -288  +1226   -334 +16458
 18821   -211    -74   -288  +1285   -385 +16465
 18822   -214    -82   -282  +1283   -376 +16459
 18823   -228    -78   -288  +1212   -360 +16412
 18824   -221    -65   -290  +1236   -350 +16382
 18825   -217    -71   -285  +1280   -363 +16441
 18826   -211    -79   -289  +1288   -349 +16437
 18827   -213    -88   -291  +1252   -354 +16523
 18828   -213    -85   -314  +1392   -389 +16522
 18829   -208    -86   -307  +1366   -394 +16497
 18830   -212    -93   -304  +1325   -393 +16473
 18831   -215    -88   -290  +1339   -386 +16521
 18832   -215    -80   -304  +1320   -379 +16461
 18833   -223    -83   -297  +1300   -355 +16451
 18834   -212    -79   -286  +1300   -311 +16518
 18835   -207    -80   -301  +1394   -377 +16547
 18836   -215    -86   -308  +1245   -440 +16532
 18837   -211    -80   -300  +1253   -388 +16458
 18838   -208    -84   -302  +1249   -354 +16521
 18839   -206    -74   -308  +1215   -339 +16483
 18840   -218    -75   -301  +1238   -345 +16450
 18841   -216    -67   -298  +1291   -408 +16437
 18842   -210    -77   -292  +1290   -364 +16493
 18843   -209    -77   -298  +1249   -360 +16485
 18844   -204    -77   -313  +1157   -376 +16491
 18845   -204    -82   -305  +1091   -372 +16484
 18846   -211    -81   -305  +1200   -330 +16444
 18847   -213    -87   -300  +1174   -343 +16446
 18848   -208    -76   -304  +1251   -355 +16435
 18849   -204    -85   -296  +1276   -351 +16426
 18850   -212    -80   -291  +1290   -361 +16425
 18851   -215    -71   -290  +1273   -342 +16307
 18852   -211    -80   -281  +1271   -377 +16448
 18853   -214    -75   -296  +1330   -348 +16472
 18854   -204    -72   -279  +1313   -378 +16470
 18855   -209    -73   -292  +1423   -349 +16489
 18856   -205    -83   -307  +1360   -384 +16519
 18857   -213    -74   -300  +1308   -384 +16478
 18858   -225    -69   -300  +1272   -344 +16491
 18859   -221    -74   -290  +1262   -368 +16344
 18860   -216    -84   -293  +1303   -352 +16426
 18861   -221    -78   -303  +1320   -358 +16419
 18862   -215    -77   -307  +1312   -379 +16438
 18863   -213    -73   -294  +1272   -369 +16459
 18864   -210    -74   -294  +1238   -368 +16452
 18865   -213    -78   -301  +1303   -402 +16494
 18866   -214    -74   -299  +1288   -359 +16523
 18867   -218    -77   -294  +1308   -321 +16514
 18868   -219    -81   -308  +1240   -378 +16491
 18869   -219    -77   -309  +1280   -377 +16530
 18870   -220    -79   -303  +1404   -418 +16361
 18871   -216    -71   -313  +1218   -397 +16485
 18872   -211    -70   -302  +1147   -408 +16391
 18873   -207    -74   -293  +1244   -374 +16460
 18874   -218    -77   -307  +1264   -201 +16438
 18875   -218    -85   -409  +1282   -262 +16393
 18876   -213    -86   -347  +1247   -323 +16431
 18877   -214    -77   -319  +1268   -341 +16416
 18878   -219    -69   -301  +1316   -364 +16436
 18879   -218    -76   -312  +1422   -332 +16442
 18880   -217    -79   -325  +1311   -338 +16477
 18881   -212    -76   -291  +1248   -345 +16517
 18882   -220    -74   -285  +1286   -384 +16497
 18883   -213    -82   -292  +1289   -360 +16533
 18884   -211    -79   -280  +1321   -344 +16425
 18885   -209    -78   -296  +1335   -338 +16459
 18886   -208    -89   -294  +1322   -339 +16350
 18887   -206    -78   -275  +1327   -329 +16357
 18888   -215    -79   -276  +1328   -336 +16425
 18889   -214    -86   -284  +1278   -332 +16431
 18890   -218    -84   -300  +1299   -368 +16454
 18891   -222    -86   -292  +1292   -364 +16501
 18892   -219    -83   -275  +1252   -360 +16507
 18893   -213    -81   -279  +1270   -354 +16444
 18894   -219    -87   -285  +1269   -385 +16450
 18895   -221    -83   -271  +1299   -376 +16445
 18896   -219    -77   -298  +1322   -308 +16425
 18897   -217    -77   -297  +1303   -306 +16471
 18898   -208    -69   -289  +1282   -311 +16446
 18899   -216    -69   -296  +1307   -317 +16445
 18900   -214    -77   -300  +1328   -322 +16443
 18901   -216    -77   -307  +1284   -335 +16424
 18902   -215    -74   -310  +1224   -365 +16516
